NOAA 15                 
1 25338U 98030A   21329.53153551  .00000042  00000+0  35950-4 0  9997
2 25338  98.6675 356.5026 0010662 166.4453 193.7015 14.26071834224207
DMSP 5D-3 F15 (USA 147) 
1 25991U 99067A   21329.55995411  .00000030  00000+0  38020-4 0  9992
2 25991  99.0352 312.8624 0010964  50.5012  57.6910 14.16481823134920
METEOSAT-8 (MSG-1)      
1 27509U 02040B   21328.91305670  .00000151  00000+0  00000+0 0  9991
2 27509   7.6627  51.7013 0002140 176.4925 205.9245  1.00276657 70559
DMSP 5D-3 F16 (USA 172) 
1 28054U 03048A   21329.56265426 -.00000011  00000+0  17850-4 0  9994
2 28054  98.9709 314.5320 0007477 167.2663 352.7706 14.13643483934224
NOAA 18                 
1 28654U 05018A   21329.44021092  .00000089  00000+0  72070-4 0  9994
2 28654  98.9763  34.8006 0014325 184.2728 175.8323 14.12660286851264
METEOSAT-9 (MSG-2)      
1 28912U 05049B   21329.04910801  .00000034  00000+0  00000+0 0  9995
2 28912   5.5613  67.5327 0000828 185.1400 192.6995  1.00273350 58387
FORMOSAT-3 FM6          
1 29047U 06011A   21329.41087648  .00000108  00000+0  58649-4 0  9999
2 29047  71.9767 116.3790 0051853 235.9812 123.6394 14.28862711816452
FORMOSAT-3 FM1          
1 29048U 06011B   21329.16268144  .00000114  00000+0  61184-4 0  9999
2 29048  71.9680  27.1855 0044271 197.1978 162.7662 14.28824518818868
FORMOSAT-3 FM5          
1 29049U 06011C   21328.08489319  .00000100  00000+0  55500-4 0  9999
2 29049  72.0201 204.0197 0036222 220.3547 139.4901 14.28906079814498
FORMOSAT-3 FM3          
1 29050U 06011D   21329.35865790  .00000252  00000+0  62988-4 0  9999
2 29050  72.0153 293.6760 0047377  88.8485 271.8095 14.59168047833133
FORMOSAT-3 FM4          
1 29051U 06011E   21328.35272426  .00000108  00000+0  57597-4 0  9997
2 29051  72.0039 104.5104 0066348  97.2294 263.6391 14.28939074817110
FORMOSAT-3 FM2          
1 29052U 06011F   21329.29332452  .00000118  00000+0  62083-4 0  9995
2 29052  72.0328 178.3693 0040062 176.4649 183.6779 14.29047705815631
EWS-G1 (GOES 13)        
1 29155U 06018A   21328.91299685  .00000054  00000+0  00000+0 0  9999
2 29155   0.2647 104.4458 0007234 129.1189 220.6304  1.00272193 26679
METOP-A                 
1 29499U 06044A   21329.61766550  .00000036  00000+0  18005-4 0  9996
2 29499  98.4811   2.5592 0157031 289.8122 181.8211 14.57428582783655
DMSP 5D-3 F17 (USA 191) 
1 29522U 06050A   21329.22649107  .00000030  00000+0  38616-4 0  9999
2 29522  98.7775 343.0165 0010693 119.9881 240.2355 14.14055035777047
FENGYUN 3A              
1 32958U 08026A   21328.37455599  .00000023  00000+0  31087-4 0  9993
2 32958  98.4736 294.7360 0007627 255.2599 104.7733 14.18676655699149
FENGYUN 2E              
1 33463U 08066A   21328.70674786 -.00000188  00000+0  00000+0 0  9996
2 33463   5.4582  66.4185 0002961 333.0454   5.5033  1.00271669 47385
NOAA 19                 
1 33591U 09005A   21329.20667167  .00000057  00000+0  55784-4 0  9991
2 33591  99.1719 353.8131 0014530  44.5505 315.6832 14.12510281659619
GOES 14                 
1 35491U 09033A   21328.66458220 -.00000077  00000+0  00000+0 0  9999
2 35491   0.2123 285.5144 0015846 296.8992 336.4109  1.00271403 45418
METEOR-M 1              
1 35865U 09049A   21329.38682898  .00000016  00000+0  26107-4 0  9994
2 35865  98.5012 301.7709 0003416  95.8775 264.2793 14.22292501632682
DMSP 5D-3 F18 (USA 210) 
1 35951U 09057A   21329.25158401  .00000087  00000+0  69269-4 0  9997
2 35951  98.6993 308.9580 0010395 313.4636  46.5672 14.13414991624274
GOES 15                 
1 36411U 10008A   21328.64419819  .00000071  00000+0  00000+0 0  9998
2 36411   0.2393 276.3442 0001293   5.4035 245.6896  1.00276758 42972
COMS 1                  
1 36744U 10032A   21328.84285416 -.00000328  00000+0  00000+0 0  9996
2 36744   0.5662  96.3107 0000978 144.9724 254.3458  1.00271782 34394
FENGYUN 3B              
1 37214U 10059A   21329.07208468  .00000024  00000+0  35679-4 0  9993
2 37214  99.0885 326.3360 0016317 216.9686 143.0363 14.16008147572069
SUOMI NPP               
1 37849U 11061A   21329.43941616  .00000028  00000+0  33747-4 0  9998
2 37849  98.7119 266.0352 0000914 105.8307   2.8663 14.19566322522249
FENGYUN 2F              
1 38049U 12002A   21328.92718606 -.00000341  00000+0  00000+0 0  9991
2 38049   3.2948  81.1272 0003374  15.8668  52.9046  1.00281154 36191
METEOSAT-10 (MSG-3)     
1 38552U 12035B   21328.83495873  .00000078  00000+0  00000+0 0  9990
2 38552   1.2865  25.9591 0002114 187.5792 160.3894  1.00276980 34152
METOP-B                 
1 38771U 12049A   21329.44228803  .00000020  00000+0  29053-4 0  9994
2 38771  98.6953  27.3207 0000178 189.8551 291.7390 14.21494511476743
FENGYUN 3C              
1 39260U 13052A   21329.53971834  .00000063  00000+0  53095-4 0  9992
2 39260  98.4801   2.7268 0011882 137.7687 222.4408 14.15887118423067
METEOR-M 2              
1 40069U 14037A   21329.08249674 -.00000007  00000+0  15808-4 0  9994
2 40069  98.4478 351.0594 0005417 184.6487 175.4653 14.20692267382848
HIMAWARI-8              
1 40267U 14060A   21328.87132804 -.00000259  00000+0  00000+0 0  9994
2 40267   0.0348  94.8369 0001001 165.1938 258.3856  1.00272586 26062
FENGYUN 2G              
1 40367U 14090A   21329.17597519 -.00000286  00000+0  00000+0 0  9990
2 40367   1.4241  91.2876 0002745 287.9624 208.1198  1.00274351 25349
METEOSAT-11 (MSG-4)     
1 40732U 15034A   21328.83303993  .00000010  00000+0  00000+0 0  9992
2 40732   0.4666 109.0062 0000654  19.7340 234.7622  1.00271647 23321
ELEKTRO-L 2             
1 41105U 15074A   21328.90197998 -.00000098  00000+0  00000+0 0  9992
2 41105   2.4747  90.4845 0002647 118.4167 165.4444  1.00271174 21817
HIMAWARI-9              
1 41836U 16064A   21329.22003101 -.00000259  00000+0  00000+0 0  9990
2 41836   0.0060 251.8151 0000681  33.4740 359.0864  1.00270149 18603
GOES 16                 
1 41866U 16071A   21329.53585663 -.00000232  00000+0  00000+0 0  9994
2 41866   0.0150 292.7555 0001230 353.4324 256.2292  1.00269862 18414
FENGYUN 4A              
1 41882U 16077A   21328.56684973 -.00000314  00000+0  00000+0 0  9995
2 41882   0.0929 292.6878 0005551 108.3092 331.4838  1.00272682 18283
CYGFM05                 
1 41884U 16078A   21328.52979402  .00000833  00000+0  44864-4 0  9994
2 41884  34.9575  36.9200 0015147  55.4499 304.7640 15.15304779273675
CYGFM04                 
1 41885U 16078B   21329.44211690  .00000756  00000+0  40341-4 0  9995
2 41885  34.9506  21.5942 0013410  79.3000 280.9221 15.15811259274001
CYGFM02                 
1 41886U 16078C   21328.57932253  .00000728  00000+0  38887-4 0  9995
2 41886  34.9599  29.0678 0014226  65.6232 294.5964 15.15821115273796
CYGFM01                 
1 41887U 16078D   21328.30444746  .00000723  00000+0  39432-4 0  9994
2 41887  34.9541  40.3341 0015619  53.0528 307.1612 15.15084112273590
CYGFM08                 
1 41888U 16078E   21328.54639991  .00000744  00000+0  40069-4 0  9990
2 41888  34.9513  32.3934 0014724  65.8887 294.3363 15.15508508273752
CYGFM06                 
1 41889U 16078F   21328.29708206  .00000772  00000+0  41155-4 0  9997
2 41889  34.9593  29.5265 0013188  62.7483 297.4571 15.15803889273695
CYGFM07                 
1 41890U 16078G   21328.53959802  .00000769  00000+0  41009-4 0  9990
2 41890  34.9532  26.8738 0012914  69.3438 290.8657 15.15798786273718
CYGFM03                 
1 41891U 16078H   21329.45956572  .00000795  00000+0  42362-4 0  9996
2 41891  34.9565  21.5598 0012404  76.1348 284.0743 15.15796274273992
FENGYUN 3D              
1 43010U 17072A   21325.58161564 -.00001434  00000+0 -66406-3 0  9992
2 43010  98.7919 266.4910 0002703 117.1541 243.3538 14.19167515208281
NOAA 20                 
1 43013U 17073A   21329.24060895  .00000028  00000+0  33998-4 0  9995
2 43013  98.7360 265.5267 0000767  84.4685 275.6578 14.19562117208258
GOES 17                 
1 43226U 18022A   21328.63620275  .00000114  00000+0  00000+0 0  9991
2 43226   0.0288 258.5156 0000632   3.5577 253.5843  1.00272116 13720
FENGYUN 2H              
1 43491U 18050A   21328.90743978 -.00000113  00000+0  00000+0 0  9992
2 43491   0.6332 102.5057 0003236  49.3986 318.1650  1.00271843 12744
METOP-C                 
1 43689U 18087A   21329.45515514  .00000019  00000+0  28797-4 0  9997
2 43689  98.7150  27.4088 0001869 265.5192  94.5771 14.21488062158323
GEO-KOMPSAT-2A          
1 43823U 18100A   21328.87132804 -.00000328  00000+0  00000+0 0  9991
2 43823   0.0479 123.7104 0000479  32.4734 349.8193  1.00269688 10922
METEOR-M2 2             
1 44387U 19038A   21327.58537532 -.00000044  00000+0  19052-7 0  9992
2 44387  98.6928 285.3566 0002031 119.6045 240.5326 14.23694052124114
FENGYUN 3E              
1 49008U 21062A   21329.14171799 -.00000033  00000+0  50793-5 0  9993
2 49008  98.7065 329.3709 0001072 194.9021 165.2127 14.19815331 20324
